23290  23288  23294  23295  23275  23517	 24474	25146  24451  28040
8682   8878   8686   8893   8643	  12832	 9949	10053  9434   9719
11056  11121  11073  11181  11059  13455	 11455	11718  11495  11075
10426  10453  10440  10440  10488  11908	 10979	11155  10763  10526
6169   6465   6148   6157   6162	  6134	 7265	6196   6186   6189
2653   3605   2638   2630   2631	  2670	 2644	2612   2650   2682
1450   2339   1417   1437   1442	  1923	 1426	1410   1447   1492
1028   1155   1042   1030   1027	  1724	 1024	1009   1043   1031
761    1195   758    759	764	  1229	 768	     742    883    777
412    399    429    382	383	  504	 361		377    474    377


